DBG,count0=0,count1=0,count2=0,count3=0
LH2,143355105,2,0,2,5,49742
LH2,143355105,2,0,3,7,71876
LH2,143355105,2,0,4,9,69928
LH2,143355105,2,1,4,9,27442
LH2,143355105,2,0,5,11,10884
LH2,143355105,2,1,5,11,10884
LH2,143355105,2,0,6,13,58297
LH2,143355105,2,0,10,21,76051
LH2,143355105,2,1,10,21,36645
LH2,143355105,2,0,12,24,5661
LH2,143355105,2,0,13,26,23388
LH2,143355105,2,1,13,26,23390
LH2,143355105,2,0,14,28,13697
DBG,count0=0,count1=0,count2=0,count3=0
LH2,143456330,2,0,2,5,49742
LH2,143456330,2,0,3,7,71876
LH2,143456330,2,0,4,9,69940
LH2,143456330,2,1,4,9,27443
LH2,143456330,2,0,5,11,10884
LH2,143456330,2,1,5,11,10884
LH2,143456330,2,0,6,13,58297
LH2,143456330,2,0,10,21,76054
LH2,143456330,2,1,10,21,36631
LH2,143456330,2,0,12,24,5661
LH2,143456330,2,0,13,26,23388
LH2,143456330,2,1,13,26,23390
LH2,143456330,2,0,14,28,13697
DBG,count0=0,count1=0,count2=0,count3=0
LH2,143557730,2,0,2,5,49742
LH2,143557730,2,0,3,7,71876
LH2,143557730,2,0,4,8,69936
LH2,143557730,2,1,4,8,27410
LH2,143557730,2,0,5,11,10884
LH2,143557730,2,1,5,11,10884
LH2,143557730,2,0,6,13,58297
LH2,143557730,2,0,10,21,76043
LH2,143557730,2,1,10,20,36600
LH2,143557730,2,0,12,24,5661
LH2,143557730,2,0,13,26,23388
LH2,143557730,2,1,13,26,23390
LH2,143557730,2,0,14,28,13697
DBG,count0=0,count1=0,count2=0,count3=0
LH2,143659317,2,0,2,5,49742
LH2,143659317,2,0,3,7,71876
LH2,143659317,2,0,4,9,69946
LH2,143659317,2,1,4,9,27405
LH2,143659317,2,0,5,11,10884
LH2,143659317,2,1,5,11,10884
LH2,143659317,2,0,6,13,58297
LH2,143659317,2,0,10,20,76058
LH2,143659317,2,1,10,20,36596
LH2,143659317,2,0,12,24,5661
LH2,143659317,2,0,13,26,23388
LH2,143659317,2,1,13,26,23390
LH2,143659317,2,0,14,28,13697
DBG,count0=0,count1=0,count2=0,count3=0
LH2,143760463,2,0,2,5,49742
LH2,143760463,2,0,3,7,71876
LH2,143760463,2,0,4,8,69950
LH2,143760463,2,1,4,8,27409
LH2,143760463,2,0,5,11,10884
LH2,143760463,2,1,5,11,10884
LH2,143760463,2,0,6,13,58297
LH2,143760463,2,0,10,20,76065
LH2,143760463,2,1,10,20,36600
LH2,143760463,2,0,12,24,5661
LH2,143760463,2,0,13,26,23388
LH2,143760463,2,1,13,26,23390
LH2,143760463,2,0,14,28,13697
DBG,count0=0,count1=0,count2=0,count3=0
LH2,143861589,2,0,2,5,49742
LH2,143861589,2,0,3,7,71876
LH2,143861589,2,0,4,9,69951
LH2,143861589,2,1,4,9,27409
LH2,143861589,2,0,5,11,10884
LH2,143861589,2,1,5,11,10884
LH2,143861589,2,0,6,13,58297
LH2,143861589,2,0,10,20,76066
LH2,143861589,2,1,10,20,36603
LH2,143861589,2,0,12,24,5661
LH2,143861589,2,0,13,26,23388
LH2,143861589,2,1,13,26,23390
LH2,143861589,2,0,14,28,13697
DBG,count0=0,count1=0,count2=0,count3=0
LH2,143962769,2,0,2,5,49742
LH2,143962769,2,0,3,7,71876
LH2,143962769,2,0,4,8,69953
LH2,143962769,2,1,4,9,27418
LH2,143962769,2,0,5,11,10884
LH2,143962769,2,1,5,11,10884
LH2,143962769,2,0,6,13,58297
LH2,143962769,2,0,10,20,76073
LH2,143962769,2,1,10,20,36610
LH2,143962769,2,0,12,24,5661
LH2,143962769,2,0,13,26,23388
LH2,143962769,2,1,13,26,23390
LH2,143962769,2,0,14,28,13697
DBG,count0=0,count1=0,count2=0,count3=0
LH2,144064525,2,0,2,5,49742
LH2,144064525,2,0,3,7,71876
LH2,144064525,2,0,4,9,69967
LH2,144064525,2,1,4,9,27429
LH2,144064525,2,0,5,11,10884
LH2,144064525,2,1,5,11,10884
LH2,144064525,2,0,6,13,58297
LH2,144064525,2,0,10,20,76089
LH2,144064525,2,1,10,20,36624
LH2,144064525,2,0,12,24,5661
LH2,144064525,2,0,13,26,23388
LH2,144064525,2,1,13,26,23390
LH2,144064525,2,0,14,28,13697
DBG,count0=0,count1=0,count2=0,count3=0
LH2,144166010,2,0,2,5,49742
LH2,144166010,2,0,3,7,71876
LH2,144166010,2,0,4,8,69976
LH2,144166010,2,1,4,8,27436
LH2,144166010,2,0,5,11,10884
LH2,144166010,2,1,5,11,10884
LH2,144166010,2,0,6,13,58297
LH2,144166010,2,0,10,20,76110
LH2,144166010,2,1,10,20,36639
LH2,144166010,2,0,12,24,5661
LH2,144166010,2,0,13,26,23388
LH2,144166010,2,1,13,26,23390
LH2,144166010,2,0,14,28,13697
DBG,count0=0,count1=0,count2=0,count3=0
LH2,144267078,2,0,2,5,49742
LH2,144267078,2,0,3,7,71876
LH2,144267078,2,0,4,9,69992
LH2,144267078,2,1,4,9,27442
LH2,144267078,2,0,5,11,10884
LH2,144267078,2,1,5,11,10884
LH2,144267078,2,0,6,13,58297
LH2,144267078,2,0,10,20,76123
LH2,144267078,2,1,10,20,36649
LH2,144267078,2,0,12,24,5661
LH2,144267078,2,0,13,26,23388
LH2,144267078,2,1,13,26,23390
LH2,144267078,2,0,14,28,13697
DBG,count0=0,count1=0,count2=0,count3=0
LH2,144368187,2,0,2,5,49742
LH2,144368187,2,0,3,7,71876
LH2,144368187,2,0,4,9,69995
LH2,144368187,2,1,4,9,27439
LH2,144368187,2,0,5,11,10884
LH2,144368187,2,1,5,11,10884
LH2,144368187,2,0,6,13,58297
LH2,144368187,2,0,10,20,76127
LH2,144368187,2,1,10,20,36644
LH2,144368187,2,0,12,24,5661
LH2,144368187,2,0,13,26,23388
LH2,144368187,2,1,13,26,23390
LH2,144368187,2,0,14,28,13697
DBG,count0=0,count1=0,count2=0,count3=0
LH2,144470022,2,0,2,5,49742
LH2,144470022,2,0,3,7,71876
LH2,144470022,2,0,4,9,69997
LH2,144470022,2,1,4,9,27440
LH2,144470022,2,0,5,11,10884
LH2,144470022,2,1,5,11,10884
LH2,144470022,2,0,6,13,58297
LH2,144470022,2,0,10,20,76129
LH2,144470022,2,1,10,20,36644
LH2,144470022,2,0,12,24,5661
LH2,144470022,2,0,13,26,23388
LH2,144470022,2,1,13,26,23390
LH2,144470022,2,0,14,28,13697
DBG,count0=0,count1=0,count2=0,count3=0
LH2,144571618,2,0,2,5,49742
LH2,144571618,2,0,3,7,71876
LH2,144571618,2,0,4,8,70009
LH2,144571618,2,1,4,8,27452
LH2,144571618,2,0,5,11,10884
LH2,144571618,2,1,5,11,10884
LH2,144571618,2,0,6,13,58297
LH2,144571618,2,0,10,20,76140
LH2,144571618,2,1,10,20,36658
LH2,144571618,2,0,12,24,5661
LH2,144571618,2,0,13,26,23388
LH2,144571618,2,1,13,26,23390
LH2,144571618,2,0,14,28,13697
DBG,count0=0,count1=0,count2=0,count3=0
LH2,144672720,2,0,2,5,49742
LH2,144672720,2,0,3,7,71876
LH2,144672720,2,0,4,8,70005
LH2,144672720,2,1,4,8,27445
LH2,144672720,2,0,5,11,10884
LH2,144672720,2,1,5,11,10884
LH2,144672720,2,0,6,13,58297
LH2,144672720,2,0,10,20,76145
LH2,144672720,2,1,10,20,36658
LH2,144672720,2,0,12,24,5661
LH2,144672720,2,0,13,26,23388
LH2,144672720,2,1,13,26,23390
LH2,144672720,2,0,14,28,13697
DBG,count0=0,count1=0,count2=0,count3=0
LH2,144774516,2,0,2,5,49742
LH2,144774516,2,0,3,7,71876
LH2,144774516,2,0,4,8,70008
LH2,144774516,2,1,4,8,27454
LH2,144774516,2,0,5,11,10884
LH2,144774516,2,1,5,11,10884
LH2,144774516,2,0,6,13,58297
LH2,144774516,2,0,10,20,76147
LH2,144774516,2,1,10,20,36663
LH2,144774516,2,0,12,24,5661
LH2,144774516,2,0,13,26,23388
LH2,144774516,2,1,13,26,23390
LH2,144774516,2,0,14,28,13697
DBG,count0=0,count1=0,count2=0,count3=0
LH2,144876379,2,0,2,5,49742
LH2,144876379,2,0,3,7,71876
LH2,144876379,2,0,4,9,70041
LH2,144876379,2,1,4,9,27488
LH2,144876379,2,0,5,11,10884
LH2,144876379,2,1,5,11,10884
LH2,144876379,2,0,6,13,58297
LH2,144876379,2,0,10,20,76158
LH2,144876379,2,1,10,21,36693
LH2,144876379,2,0,12,24,5661
LH2,144876379,2,0,13,26,23388
LH2,144876379,2,1,13,26,23390
LH2,144876379,2,0,14,28,13697
DBG,count0=0,count1=0,count2=0,count3=0
LH2,144977397,2,0,2,5,49742
LH2,144977397,2,0,3,7,71876
LH2,144977397,2,0,4,9,70049
LH2,144977397,2,1,4,9,27506
LH2,144977397,2,0,5,11,10884
LH2,144977397,2,1,5,11,10884
LH2,144977397,2,0,6,13,58297
LH2,144977397,2,0,10,20,76173
LH2,144977397,2,1,10,20,36708
LH2,144977397,2,0,12,24,5661
LH2,144977397,2,0,13,26,23388
LH2,144977397,2,1,13,26,23390
LH2,144977397,2,0,14,28,13697
DBG,count0=0,count1=0,count2=0,count3=0
LH2,145078436,2,0,2,5,49742
LH2,145078436,2,0,3,7,71876
LH2,145078436,2,0,4,8,70031
LH2,145078436,2,1,4,8,27488
LH2,145078436,2,0,5,11,10884
LH2,145078436,2,1,5,11,10884
LH2,145078436,2,0,6,13,58297
LH2,145078436,2,0,10,21,76165
LH2,145078436,2,1,10,21,36697
LH2,145078436,2,0,12,24,5661
LH2,145078436,2,0,13,26,23388
LH2,145078436,2,1,13,26,23390
LH2,145078436,2,0,14,28,13697
DBG,count0=0,count1=0,count2=0,count3=0
LH2,145179614,2,0,2,5,49742
LH2,145179614,2,0,3,7,71876
LH2,145179614,2,0,4,8,70004
LH2,145179614,2,1,4,8,27460
LH2,145179614,2,0,5,11,10884
LH2,145179614,2,1,5,11,10884
LH2,145179614,2,0,6,13,58297
LH2,145179614,2,0,10,20,76148
LH2,145179614,2,1,10,21,36674
LH2,145179614,2,0,12,24,5661
LH2,145179614,2,0,13,26,23388
LH2,145179614,2,1,13,26,23390
LH2,145179614,2,0,14,28,13697
DBG,count0=0,count1=0,count2=0,count3=0
LH2,145280682,2,0,2,5,49742
LH2,145280682,2,0,3,7,71876
LH2,145280682,2,0,4,8,70004
LH2,145280682,2,1,4,8,27454
LH2,145280682,2,0,5,11,10884
LH2,145280682,2,1,5,11,10884
LH2,145280682,2,0,6,13,58297
LH2,145280682,2,0,10,21,76147
LH2,145280682,2,1,10,20,36673
LH2,145280682,2,0,12,24,5661
LH2,145280682,2,0,13,26,23388
LH2,145280682,2,1,13,26,23390
LH2,145280682,2,0,14,28,13697
DBG,count0=0,count1=0,count2=0,count3=0
LH2,145381842,2,0,2,5,49742
LH2,145381842,2,0,3,7,71876
LH2,145381842,2,0,4,8,70026
LH2,145381842,2,1,4,8,27457
LH2,145381842,2,0,5,11,10884
LH2,145381842,2,1,5,11,10884
LH2,145381842,2,0,6,13,58297
LH2,145381842,2,0,10,21,76174
LH2,145381842,2,1,10,21,36675
LH2,145381842,2,0,12,24,5661
LH2,145381842,2,0,13,26,23388
LH2,145381842,2,1,13,26,23390
LH2,145381842,2,0,14,28,13697
DBG,count0=0,count1=0,count2=0,count3=0
LH2,145483021,2,0,2,5,49742
LH2,145483021,2,0,3,7,71876
LH2,145483021,2,0,4,9,70039
LH2,145483021,2,1,4,8,27434
LH2,145483021,2,0,5,11,10884
LH2,145483021,2,1,5,11,10884
LH2,145483021,2,0,6,13,58297
LH2,145483021,2,0,10,20,76206
LH2,145483021,2,1,10,20,36671
LH2,145483021,2,0,12,24,5661
LH2,145483021,2,0,13,26,23388
LH2,145483021,2,1,13,26,23390
LH2,145483021,2,0,14,28,13697
DBG,count0=0,count1=0,count2=0,count3=0
LH2,145584081,2,0,2,5,49742
LH2,145584081,2,0,3,7,71876
LH2,145584081,2,0,4,9,70061
LH2,145584081,2,1,4,9,27444
LH2,145584081,2,0,5,11,10884
LH2,145584081,2,1,5,11,10884
LH2,145584081,2,0,6,13,58297
LH2,145584081,2,0,10,20,76230
LH2,145584081,2,1,10,20,36686
LH2,145584081,2,0,12,24,5661
LH2,145584081,2,0,13,26,23388
LH2,145584081,2,1,13,26,23390
LH2,145584081,2,0,14,28,13697
DBG,count0=0,count1=0,count2=0,count3=0
LH2,145685078,2,0,2,5,49742
LH2,145685078,2,0,3,7,71876
LH2,145685078,2,0,4,8,70087
LH2,145685078,2,1,4,8,27485
LH2,145685078,2,0,5,11,10884
LH2,145685078,2,1,5,11,10884
LH2,145685078,2,0,6,13,58297
LH2,145685078,2,0,10,20,76241
LH2,145685078,2,1,10,20,36704
LH2,145685078,2,0,12,24,5661
LH2,145685078,2,0,13,26,23388
LH2,145685078,2,1,13,26,23390
LH2,145685078,2,0,14,28,13697
DBG,count0=0,count1=0,count2=0,count3=0
LH2,145787118,2,0,2,5,49742
LH2,145787118,2,0,3,7,71876
LH2,145787118,2,0,4,8,70097
LH2,145787118,2,1,4,8,27521
LH2,145787118,2,0,5,11,10884
LH2,145787118,2,1,5,11,10884
LH2,145787118,2,0,6,13,58297
LH2,145787118,2,0,10,20,76238
LH2,145787118,2,1,10,20,36738
LH2,145787118,2,0,12,24,5661
LH2,145787118,2,0,13,26,23388
LH2,145787118,2,1,13,26,23390
LH2,145787118,2,0,14,28,13697
DBG,count0=0,count1=0,count2=0,count3=0
LH2,145889006,2,0,2,5,49742
LH2,145889006,2,0,3,7,71876
LH2,145889006,2,0,4,9,70095
LH2,145889006,2,1,4,9,27534
LH2,145889006,2,0,5,11,10884
LH2,145889006,2,1,5,11,10884
LH2,145889006,2,0,6,13,58297
LH2,145889006,2,0,10,20,76227
LH2,145889006,2,1,10,20,36746
LH2,145889006,2,0,12,24,5661
LH2,145889006,2,0,13,26,23388
LH2,145889006,2,1,13,26,23390
LH2,145889006,2,0,14,28,13697
DBG,count0=0,count1=0,count2=0,count3=0
LH2,145990248,2,0,2,5,49742
LH2,145990248,2,0,3,7,71876
LH2,145990248,2,0,4,8,70103
LH2,145990248,2,1,4,8,27544
LH2,145990248,2,0,5,11,10884
LH2,145990248,2,1,5,11,10884
LH2,145990248,2,0,6,13,58297
LH2,145990248,2,0,10,21,76233
LH2,145990248,2,1,10,21,36755
LH2,145990248,2,0,12,24,5661
LH2,145990248,2,0,13,26,23388
LH2,145990248,2,1,13,26,23390
LH2,145990248,2,0,14,28,13697
DBG,count0=0,count1=0,count2=0,count3=0
LH2,146091965,2,0,2,5,49742
LH2,146091965,2,0,3,7,71876
LH2,146091965,2,0,4,9,70127
LH2,146091965,2,1,4,8,27567
LH2,146091965,2,0,5,11,10884
LH2,146091965,2,1,5,11,10884
LH2,146091965,2,0,6,13,58297
LH2,146091965,2,0,10,21,76258
LH2,146091965,2,1,10,21,36777
LH2,146091965,2,0,12,24,5661
LH2,146091965,2,0,13,26,23388
LH2,146091965,2,1,13,26,23390
LH2,146091965,2,0,14,28,13697
DBG,count0=0,count1=0,count2=0,count3=0
LH2,146193872,2,0,2,5,49742
LH2,146193872,2,0,3,7,71876
LH2,146193872,2,0,4,8,70155
LH2,146193872,2,1,4,9,27586
LH2,146193872,2,0,5,11,10884
LH2,146193872,2,1,5,11,10884
LH2,146193872,2,0,6,13,58297
LH2,146193872,2,0,10,20,76282
LH2,146193872,2,1,10,20,36795
LH2,146193872,2,0,12,24,5661
LH2,146193872,2,0,13,26,23388
LH2,146193872,2,1,13,26,23390
LH2,146193872,2,0,14,28,13697
DBG,count0=0,count1=0,count2=0,count3=0
LH2,146294914,2,0,2,5,49742
LH2,146294914,2,0,3,7,71876
LH2,146294914,2,0,4,8,70169
LH2,146294914,2,1,4,8,27608
LH2,146294914,2,0,5,11,10884
LH2,146294914,2,1,5,11,10884
LH2,146294914,2,0,6,13,58297
LH2,146294914,2,0,10,21,76302
LH2,146294914,2,1,10,20,36810
LH2,146294914,2,0,12,24,5661
LH2,146294914,2,0,13,26,23388
LH2,146294914,2,1,13,26,23390
LH2,146294914,2,0,14,28,13697
DBG,count0=0,count1=0,count2=0,count3=0
LH2,146395954,2,0,2,5,49742
LH2,146395954,2,0,3,7,71876
LH2,146395954,2,0,4,8,70182
LH2,146395954,2,1,4,8,27639
LH2,146395954,2,0,5,11,10884
LH2,146395954,2,1,5,11,10884
LH2,146395954,2,0,6,13,58297
LH2,146395954,2,0,10,21,76307
LH2,146395954,2,1,10,21,36839
LH2,146395954,2,0,12,24,5661
LH2,146395954,2,0,13,26,23388
LH2,146395954,2,1,13,26,23390
LH2,146395954,2,0,14,28,13697
DBG,count0=0,count1=0,count2=0,count3=0
LH2,146497052,2,0,2,5,49742
LH2,146497052,2,0,3,7,71876
LH2,146497052,2,0,4,8,70175
LH2,146497052,2,1,4,8,27648
LH2,146497052,2,0,5,11,10884
LH2,146497052,2,1,5,11,10884
LH2,146497052,2,0,6,13,58297
LH2,146497052,2,0,10,20,76295
LH2,146497052,2,1,10,20,36851
LH2,146497052,2,0,12,24,5661
LH2,146497052,2,0,13,26,23388
LH2,146497052,2,1,13,26,23390
LH2,146497052,2,0,14,28,13697
DBG,count0=0,count1=0,count2=0,count3=0
LH2,146598157,2,0,2,5,49742
LH2,146598157,2,0,3,7,71876
LH2,146598157,2,0,4,9,70177
LH2,146598157,2,1,4,9,27658
LH2,146598157,2,0,5,11,10884
LH2,146598157,2,1,5,11,10884
LH2,146598157,2,0,6,13,58297
LH2,146598157,2,0,10,20,76298
LH2,146598157,2,1,10,21,36866
LH2,146598157,2,0,12,24,5661
LH2,146598157,2,0,13,26,23388
LH2,146598157,2,1,13,26,23390
LH2,146598157,2,0,14,28,13697
DBG,count0=0,count1=0,count2=0,count3=0
LH2,146699155,2,0,2,5,49742
LH2,146699155,2,0,3,7,71876
LH2,146699155,2,0,4,9,70191
LH2,146699155,2,1,4,9,27670
LH2,146699155,2,0,5,11,10884
LH2,146699155,2,1,5,11,10884
LH2,146699155,2,0,6,13,58297
LH2,146699155,2,0,10,20,76316
LH2,146699155,2,1,10,20,36871
LH2,146699155,2,0,12,24,5661
LH2,146699155,2,0,13,26,23388
LH2,146699155,2,1,13,26,23390
LH2,146699155,2,0,14,28,13697
DBG,count0=0,count1=0,count2=0,count3=0
LH2,146800249,2,0,2,5,49742
LH2,146800249,2,0,3,7,71876
LH2,146800249,2,0,4,8,70200
LH2,146800249,2,1,4,8,27687
LH2,146800249,2,0,5,11,10884
LH2,146800249,2,1,5,11,10884
LH2,146800249,2,0,6,13,58297
LH2,146800249,2,0,10,21,76320
LH2,146800249,2,1,10,21,36896
LH2,146800249,2,0,12,24,5661
LH2,146800249,2,0,13,26,23388
LH2,146800249,2,1,13,26,23390
LH2,146800249,2,0,14,28,13697
DBG,count0=0,count1=0,count2=0,count3=0
LH2,146901479,2,0,2,5,49742
LH2,146901479,2,0,3,7,71876
LH2,146901479,2,0,4,9,70198
LH2,146901479,2,1,4,8,27704
LH2,146901479,2,0,5,11,10884
LH2,146901479,2,1,5,11,10884
LH2,146901479,2,0,6,13,58297
LH2,146901479,2,0,10,20,76323
LH2,146901479,2,1,10,20,36913
LH2,146901479,2,0,12,24,5661
LH2,146901479,2,0,13,26,23388
LH2,146901479,2,1,13,26,23390
LH2,146901479,2,0,14,28,13697
DBG,count0=0,count1=0,count2=0,count3=0
LH2,147002767,2,0,2,5,49742
LH2,147002767,2,0,3,7,71876
LH2,147002767,2,0,4,8,70212
LH2,147002767,2,1,4,9,27721
LH2,147002767,2,0,5,11,10884
LH2,147002767,2,1,5,11,10884
LH2,147002767,2,0,6,13,58297
LH2,147002767,2,0,10,21,76339
LH2,147002767,2,1,10,21,36940
LH2,147002767,2,0,12,24,5661
LH2,147002767,2,0,13,26,23388
LH2,147002767,2,1,13,26,23390
LH2,147002767,2,0,14,28,13697
DBG,count0=0,count1=0,count2=0,count3=0
LH2,147104597,2,0,2,5,49742
LH2,147104597,2,0,3,7,71876
LH2,147104597,2,0,4,8,70233
LH2,147104597,2,1,4,9,27744
LH2,147104597,2,0,5,11,10884
LH2,147104597,2,1,5,11,10884
LH2,147104597,2,0,6,13,58297
LH2,147104597,2,0,10,21,76365
LH2,147104597,2,1,10,21,36968
LH2,147104597,2,0,12,24,5661
LH2,147104597,2,0,13,26,23388
LH2,147104597,2,1,13,26,23390
LH2,147104597,2,0,14,28,13697
DBG,count0=0,count1=0,count2=0,count3=0
LH2,147205806,2,0,2,5,49742
LH2,147205806,2,0,3,7,71876
LH2,147205806,2,0,4,8,70243
LH2,147205806,2,1,4,8,27765
LH2,147205806,2,0,5,11,10884
LH2,147205806,2,1,5,11,10884
LH2,147205806,2,0,6,13,58297
LH2,147205806,2,0,10,20,76363
LH2,147205806,2,1,10,20,36980
LH2,147205806,2,0,12,24,5661
LH2,147205806,2,0,13,26,23388
LH2,147205806,2,1,13,26,23390
LH2,147205806,2,0,14,28,13697
DBG,count0=0,count1=0,count2=0,count3=0
LH2,147307651,2,0,2,5,49742
LH2,147307651,2,0,3,7,71876
LH2,147307651,2,0,4,8,70234
LH2,147307651,2,1,4,8,27776
LH2,147307651,2,0,5,11,10884
LH2,147307651,2,1,5,11,10884
LH2,147307651,2,0,6,13,58297
LH2,147307651,2,0,10,21,76353
LH2,147307651,2,1,10,21,36989
LH2,147307651,2,0,12,24,5661
LH2,147307651,2,0,13,26,23388
LH2,147307651,2,1,13,26,23390
LH2,147307651,2,0,14,28,13697
DBG,count0=0,count1=0,count2=0,count3=0
LH2,147408685,2,0,2,5,49742
LH2,147408685,2,0,3,7,71876
LH2,147408685,2,0,4,8,70215
LH2,147408685,2,1,4,8,27784
LH2,147408685,2,0,5,11,10884
LH2,147408685,2,1,5,11,10884
LH2,147408685,2,0,6,13,58297
LH2,147408685,2,0,10,21,76333
LH2,147408685,2,1,10,21,36987
LH2,147408685,2,0,12,24,5661
LH2,147408685,2,0,13,26,23388
LH2,147408685,2,1,13,26,23390
LH2,147408685,2,0,14,28,13697
DBG,count0=0,count1=0,count2=0,count3=0
LH2,147510478,2,0,2,5,49742
LH2,147510478,2,0,3,7,71876
LH2,147510478,2,0,4,8,70215
LH2,147510478,2,1,4,8,27804
LH2,147510478,2,0,5,11,10884
LH2,147510478,2,1,5,11,10884
LH2,147510478,2,0,6,13,58297
LH2,147510478,2,0,10,20,76325
LH2,147510478,2,1,10,20,37011
LH2,147510478,2,0,12,24,5661
LH2,147510478,2,0,13,26,23388
LH2,147510478,2,1,13,26,23390
LH2,147510478,2,0,14,28,13697
DBG,count0=0,count1=0,count2=0,count3=0
LH2,147611646,2,0,2,5,49742
LH2,147611646,2,0,3,7,71876
LH2,147611646,2,0,4,8,70212
LH2,147611646,2,1,4,9,27820
LH2,147611646,2,0,5,11,10884
LH2,147611646,2,1,5,11,10884
LH2,147611646,2,0,6,13,58297
LH2,147611646,2,0,10,20,76317
LH2,147611646,2,1,10,20,37021
LH2,147611646,2,0,12,24,5661
LH2,147611646,2,0,13,26,23388
LH2,147611646,2,1,13,26,23390
LH2,147611646,2,0,14,28,13697
DBG,count0=0,count1=0,count2=0,count3=0
LH2,147712783,2,0,2,5,49742
LH2,147712783,2,0,3,7,71876
LH2,147712783,2,0,4,8,70206
LH2,147712783,2,1,4,9,27823
LH2,147712783,2,0,5,11,10884
LH2,147712783,2,1,5,11,10884
LH2,147712783,2,0,6,13,58297
LH2,147712783,2,0,10,20,76307
LH2,147712783,2,1,10,20,37024
LH2,147712783,2,0,12,24,5661
LH2,147712783,2,0,13,26,23388
LH2,147712783,2,1,13,26,23390
LH2,147712783,2,0,14,28,13697
DBG,count0=0,count1=0,count2=0,count3=0
LH2,147813842,2,0,2,5,49742
LH2,147813842,2,0,3,7,71876
LH2,147813842,2,0,4,8,70197
LH2,147813842,2,1,4,9,27823
LH2,147813842,2,0,5,11,10884
LH2,147813842,2,1,5,11,10884
LH2,147813842,2,0,6,13,58297
LH2,147813842,2,0,10,21,76302
LH2,147813842,2,1,10,21,37027
LH2,147813842,2,0,12,24,5661
LH2,147813842,2,0,13,26,23388
LH2,147813842,2,1,13,26,23390
LH2,147813842,2,0,14,28,13697
DBG,count0=0,count1=0,count2=0,count3=0
LH2,147914985,2,0,2,5,49742
LH2,147914985,2,0,3,7,71876
LH2,147914985,2,0,4,8,70196
LH2,147914985,2,1,4,8,27824
LH2,147914985,2,0,5,11,10884
LH2,147914985,2,1,5,11,10884
LH2,147914985,2,0,6,13,58297
LH2,147914985,2,0,10,21,76303
LH2,147914985,2,1,10,21,39834
LH2,147914985,2,0,12,24,5661
LH2,147914985,2,0,13,26,23388
LH2,147914985,2,1,13,26,23390
LH2,147914985,2,0,14,28,13697
DBG,count0=0,count1=0,count2=0,count3=0
LH2,148016120,2,0,2,5,49742
LH2,148016120,2,0,3,7,71876
LH2,148016120,2,0,4,8,70206
LH2,148016120,2,1,4,8,27826
LH2,148016120,2,0,5,11,10884
LH2,148016120,2,1,5,11,10884
LH2,148016120,2,0,6,13,58297
LH2,148016120,2,0,10,21,76312
LH2,148016120,2,1,10,21,37037
LH2,148016120,2,0,12,24,5661
LH2,148016120,2,0,13,26,23388
LH2,148016120,2,1,13,26,23390
LH2,148016120,2,0,14,28,13697
DBG,count0=0,count1=0,count2=0,count3=0
LH2,148117146,2,0,2,5,49742
LH2,148117146,2,0,3,7,71876
LH2,148117146,2,0,4,9,70228
LH2,148117146,2,1,4,9,27841
LH2,148117146,2,0,5,11,10884
LH2,148117146,2,1,5,11,10884
LH2,148117146,2,0,6,13,58297
LH2,148117146,2,0,10,21,76343
LH2,148117146,2,1,10,20,37053
LH2,148117146,2,0,12,24,5661
LH2,148117146,2,0,13,26,23388
LH2,148117146,2,1,13,26,23390
LH2,148117146,2,0,14,28,13697
DBG,count0=0,count1=0,count2=0,count3=0
LH2,148218302,2,0,2,5,49742
LH2,148218302,2,0,3,7,71876
LH2,148218302,2,0,4,9,70224
LH2,148218302,2,1,4,9,27850
LH2,148218302,2,0,5,11,10884
LH2,148218302,2,1,5,11,10884
LH2,148218302,2,0,6,13,58297
LH2,148218302,2,0,10,21,76343
LH2,148218302,2,1,10,20,37069
LH2,148218302,2,0,12,24,5661
LH2,148218302,2,0,13,26,23388
LH2,148218302,2,1,13,26,23390
LH2,148218302,2,0,14,28,13697
DBG,count0=0,count1=0,count2=1,count3=0
LH2,148319478,2,0,2,5,49742
LH2,148319478,2,0,3,7,71876
LH2,148319478,2,0,4,9,70213
LH2,148319478,2,1,4,9,27849
LH2,148319478,2,0,5,11,10884
LH2,148319478,2,1,5,11,10884
LH2,148319478,2,0,6,13,58297
LH2,148319478,2,0,10,21,76318
LH2,148319478,2,1,10,20,37059
LH2,148319478,2,0,12,24,5661
LH2,148319478,2,0,13,26,23388
LH2,148319478,2,1,13,26,23390
LH2,148319478,2,0,14,28,13697
DBG,count0=0,count1=0,count2=0,count3=0
LH2,148421183,2,0,2,5,49742
LH2,148421183,2,0,3,7,71876
LH2,148421183,2,0,4,8,70203
LH2,148421183,2,1,4,8,27845
LH2,148421183,2,0,5,11,10884
LH2,148421183,2,1,5,11,10884
LH2,148421183,2,0,6,13,58297
LH2,148421183,2,0,10,20,76308
LH2,148421183,2,1,10,20,37054
LH2,148421183,2,0,12,24,5661
LH2,148421183,2,0,13,26,23388
LH2,148421183,2,1,13,26,23390
LH2,148421183,2,0,14,28,13697
DBG,count0=0,count1=0,count2=0,count3=0
LH2,148523020,2,0,2,5,49742
LH2,148523020,2,0,3,7,71876
LH2,148523020,2,0,4,8,70205
LH2,148523020,2,1,4,8,27846
LH2,148523020,2,0,5,11,10884
LH2,148523020,2,1,5,11,10884
LH2,148523020,2,0,6,13,58297
LH2,148523020,2,0,10,21,76312
LH2,148523020,2,1,10,21,37057
LH2,148523020,2,0,12,24,5661
LH2,148523020,2,0,13,26,23388
LH2,148523020,2,1,13,26,23390
LH2,148523020,2,0,14,28,13697
DBG,count0=0,count1=0,count2=1,count3=0
LH2,148624175,2,0,2,5,49742
LH2,148624175,2,0,3,7,71876
LH2,148624175,2,0,4,8,70210
LH2,148624175,2,1,4,8,27849
LH2,148624175,2,0,5,11,10884
LH2,148624175,2,1,5,11,10884
LH2,148624175,2,0,6,13,58297
LH2,148624175,2,0,10,20,76319
LH2,148624175,2,1,10,20,37059
LH2,148624175,2,0,12,24,5661
LH2,148624175,2,0,13,26,23388
LH2,148624175,2,1,13,26,23390
LH2,148624175,2,0,14,28,13697
DBG,count0=0,count1=0,count2=0,count3=0
LH2,148725340,2,0,2,5,49742
LH2,148725340,2,0,3,7,71876
LH2,148725340,2,0,4,8,70219
LH2,148725340,2,1,4,8,27857
LH2,148725340,2,0,5,11,10884
LH2,148725340,2,1,5,11,10884
LH2,148725340,2,0,6,13,58297
LH2,148725340,2,0,10,21,76324
LH2,148725340,2,1,10,21,37059
LH2,148725340,2,0,12,24,5661
LH2,148725340,2,0,13,26,23388
LH2,148725340,2,1,13,26,23390
LH2,148725340,2,0,14,28,13697
DBG,count0=0,count1=0,count2=0,count3=0
LH2,148827108,2,0,2,5,49742
LH2,148827108,2,0,3,7,71876
LH2,148827108,2,0,4,9,70214
LH2,148827108,2,1,4,9,27855
LH2,148827108,2,0,5,11,10884
LH2,148827108,2,1,5,11,10884
LH2,148827108,2,0,6,13,58297
LH2,148827108,2,0,10,21,76318
LH2,148827108,2,1,10,21,37059
LH2,148827108,2,0,12,24,5661
LH2,148827108,2,0,13,26,23388
LH2,148827108,2,1,13,26,23390
LH2,148827108,2,0,14,28,13697
DBG,count0=0,count1=0,count2=0,count3=0
LH2,148928153,2,0,2,5,49742
LH2,148928153,2,0,3,7,71876
LH2,148928153,2,0,4,8,70215
LH2,148928153,2,1,4,8,27862
LH2,148928153,2,0,5,11,10884
LH2,148928153,2,1,5,11,10884
LH2,148928153,2,0,6,13,58297
LH2,148928153,2,0,10,20,76316
LH2,148928153,2,1,10,20,39853
LH2,148928153,2,0,12,24,5661
LH2,148928153,2,0,13,26,23388
LH2,148928153,2,1,13,26,23390
LH2,148928153,2,0,14,28,13697
DBG,count0=0,count1=0,count2=0,count3=0
LH2,149029189,2,0,2,5,49742
LH2,149029189,2,0,3,7,71876
LH2,149029189,2,0,4,8,70228
LH2,149029189,2,1,4,8,27883
LH2,149029189,2,0,5,11,10884
LH2,149029189,2,1,5,11,10884
LH2,149029189,2,0,6,13,58297
LH2,149029189,2,0,10,20,76326
LH2,149029189,2,1,10,21,40043
LH2,149029189,2,0,12,24,5661
LH2,149029189,2,0,13,26,23388
LH2,149029189,2,1,13,26,23390
LH2,149029189,2,0,14,28,13697
DBG,count0=0,count1=0,count2=0,count3=0
LH2,149130191,2,0,2,5,49742
LH2,149130191,2,0,3,7,71876
LH2,149130191,2,0,4,8,70231
LH2,149130191,2,1,4,8,27871
LH2,149130191,2,0,5,11,10884
LH2,149130191,2,1,5,11,10884
LH2,149130191,2,0,6,13,58297
LH2,149130191,2,0,10,21,76334
LH2,149130191,2,1,10,20,39904
LH2,149130191,2,0,12,24,5661
LH2,149130191,2,0,13,26,23388
LH2,149130191,2,1,13,26,23390
LH2,149130191,2,0,14,28,13697
DBG,count0=0,count1=0,count2=0,count3=0
LH2,149231334,2,0,2,5,49742
LH2,149231334,2,0,3,7,71876
LH2,149231334,2,0,4,9,70239
LH2,149231334,2,1,4,9,27882
LH2,149231334,2,0,5,11,10884
LH2,149231334,2,1,5,11,10884
LH2,149231334,2,0,6,13,58297
LH2,149231334,2,0,10,20,76349
LH2,149231334,2,1,10,20,37080
LH2,149231334,2,0,12,24,5661
LH2,149231334,2,0,13,26,23388
LH2,149231334,2,1,13,26,23390
LH2,149231334,2,0,14,28,13697
DBG,count0=0,count1=0,count2=0,count3=0
LH2,149332478,2,0,2,5,49742
LH2,149332478,2,0,3,7,71876
LH2,149332478,2,0,4,9,70241
LH2,149332478,2,1,4,9,27874
LH2,149332478,2,0,5,11,10884
LH2,149332478,2,1,5,11,10884
LH2,149332478,2,0,6,13,58297
LH2,149332478,2,0,10,20,76351
LH2,149332478,2,1,10,20,37079
LH2,149332478,2,0,12,24,5661
LH2,149332478,2,0,13,26,23388
LH2,149332478,2,1,13,26,23390
LH2,149332478,2,0,14,28,13697
DBG,count0=0,count1=0,count2=0,count3=0
LH2,149433603,2,0,2,5,49742
LH2,149433603,2,0,3,7,71876
LH2,149433603,2,0,4,8,70239
LH2,149433603,2,1,4,8,27875
LH2,149433603,2,0,5,11,10884
LH2,149433603,2,1,5,11,10884
LH2,149433603,2,0,6,13,58297
LH2,149433603,2,0,10,20,76349
LH2,149433603,2,1,10,21,37075
LH2,149433603,2,0,12,24,5661
LH2,149433603,2,0,13,26,23388
LH2,149433603,2,1,13,26,23390
LH2,149433603,2,0,14,28,13697
DBG,count0=0,count1=0,count2=0,count3=0
LH2,149534832,2,0,2,5,49742
LH2,149534832,2,0,3,7,71876
LH2,149534832,2,0,4,9,70237
LH2,149534832,2,1,4,9,27879
LH2,149534832,2,0,5,11,10884
LH2,149534832,2,1,5,11,10884
LH2,149534832,2,0,6,13,58297
LH2,149534832,2,0,10,21,76343
LH2,149534832,2,1,10,21,37083
LH2,149534832,2,0,12,24,5661
LH2,149534832,2,0,13,26,23388
LH2,149534832,2,1,13,26,23390
LH2,149534832,2,0,14,28,13697
DBG,count0=0,count1=0,count2=0,count3=0
LH2,149636137,2,0,2,5,49742
LH2,149636137,2,0,3,7,71876
LH2,149636137,2,0,4,9,70229
LH2,149636137,2,1,4,9,27879
LH2,149636137,2,0,5,11,10884
LH2,149636137,2,1,5,11,10884
LH2,149636137,2,0,6,13,58297
LH2,149636137,2,0,10,21,76331
LH2,149636137,2,1,10,20,37069
LH2,149636137,2,0,12,24,5661
LH2,149636137,2,0,13,26,23388
LH2,149636137,2,1,13,26,23390
LH2,149636137,2,0,14,28,13697
DBG,count0=0,count1=0,count2=0,count3=0
LH2,149737443,2,0,2,5,49742
LH2,149737443,2,0,3,7,71876
LH2,149737443,2,0,4,9,70220
LH2,149737443,2,1,4,9,27873
LH2,149737443,2,0,5,11,10884
LH2,149737443,2,1,5,11,10884
LH2,149737443,2,0,6,13,58297
LH2,149737443,2,0,10,20,76320
LH2,149737443,2,1,10,20,37069
LH2,149737443,2,0,12,24,5661
LH2,149737443,2,0,13,26,23388
LH2,149737443,2,1,13,26,23390
LH2,149737443,2,0,14,28,13697
DBG,count0=0,count1=0,count2=0,count3=0
LH2,149838776,2,0,2,5,49742
LH2,149838776,2,0,3,7,71876
LH2,149838776,2,0,4,9,70212
LH2,149838776,2,1,4,9,27863
LH2,149838776,2,0,5,11,10884
LH2,149838776,2,1,5,11,10884
LH2,149838776,2,0,6,13,58297
LH2,149838776,2,0,10,21,76312
LH2,149838776,2,1,10,21,37061
LH2,149838776,2,0,12,24,5661
LH2,149838776,2,0,13,26,23388
LH2,149838776,2,1,13,26,23390
LH2,149838776,2,0,14,28,13697
DBG,count0=0,count1=0,count2=0,count3=0
LH2,149940698,2,0,2,5,49742
LH2,149940698,2,0,3,7,71876
LH2,149940698,2,0,4,9,70198
LH2,149940698,2,1,4,8,27852
LH2,149940698,2,0,5,11,10884
LH2,149940698,2,1,5,11,10884
LH2,149940698,2,0,6,13,58297
LH2,149940698,2,0,10,21,76303
LH2,149940698,2,1,10,21,37058
LH2,149940698,2,0,12,24,5661
LH2,149940698,2,0,13,26,23388
LH2,149940698,2,1,13,26,23390
LH2,149940698,2,0,14,28,13697
DBG,count0=0,count1=0,count2=1,count3=0
LH2,150042522,2,0,2,5,49742
LH2,150042522,2,0,3,7,71876
LH2,150042522,2,0,4,8,70180
LH2,150042522,2,1,4,9,27832
LH2,150042522,2,0,5,11,10884
LH2,150042522,2,1,5,11,10884
LH2,150042522,2,0,6,13,58297
LH2,150042522,2,0,10,21,76279
LH2,150042522,2,1,10,21,37040
LH2,150042522,2,0,12,24,5661
LH2,150042522,2,0,13,26,23388
LH2,150042522,2,1,13,26,23390
LH2,150042522,2,0,14,28,13697
DBG,count0=0,count1=0,count2=0,count3=0
LH2,150143677,2,0,2,5,49742
LH2,150143677,2,0,3,7,71876
LH2,150143677,2,0,4,8,67751
LH2,150143677,2,1,4,8,27828
LH2,150143677,2,0,5,11,10884
LH2,150143677,2,1,5,11,10884
LH2,150143677,2,0,6,13,58297
LH2,150143677,2,0,10,21,76273
LH2,150143677,2,1,10,21,37039
LH2,150143677,2,0,12,24,5661
LH2,150143677,2,0,13,26,23388
LH2,150143677,2,1,13,26,23390
LH2,150143677,2,0,14,28,13697
DBG,count0=0,count1=0,count2=0,count3=0
LH2,150244782,2,0,2,5,49742
LH2,150244782,2,0,3,7,71876
LH2,150244782,2,0,4,9,67911
LH2,150244782,2,1,4,9,27836
LH2,150244782,2,0,5,11,10884
LH2,150244782,2,1,5,11,10884
LH2,150244782,2,0,6,13,58297
LH2,150244782,2,0,10,21,76276
LH2,150244782,2,1,10,21,37044
LH2,150244782,2,0,12,24,5661
LH2,150244782,2,0,13,26,23388
LH2,150244782,2,1,13,26,23390
LH2,150244782,2,0,14,28,13697
DBG,count0=0,count1=0,count2=0,count3=0
LH2,150345826,2,0,2,5,49742
LH2,150345826,2,0,3,7,71876
LH2,150345826,2,0,4,9,67699
LH2,150345826,2,1,4,9,27823
LH2,150345826,2,0,5,11,10884
LH2,150345826,2,1,5,11,10884
LH2,150345826,2,0,6,13,58297
LH2,150345826,2,0,10,21,76280
LH2,150345826,2,1,10,21,37038
LH2,150345826,2,0,12,24,5661
LH2,150345826,2,0,13,26,23388
LH2,150345826,2,1,13,26,23390
LH2,150345826,2,0,14,28,13697
DBG,count0=0,count1=0,count2=0,count3=0
LH2,150447025,2,0,2,5,49742
LH2,150447025,2,0,3,7,71876
LH2,150447025,2,0,4,8,70188
LH2,150447025,2,1,4,9,27828
LH2,150447025,2,0,5,11,10884
LH2,150447025,2,1,5,11,10884
LH2,150447025,2,0,6,13,58297
LH2,150447025,2,0,10,20,76293
LH2,150447025,2,1,10,20,37037
LH2,150447025,2,0,12,24,5661
LH2,150447025,2,0,13,26,23388
LH2,150447025,2,1,13,26,23390
LH2,150447025,2,0,14,28,13697
DBG,count0=0,count1=0,count2=0,count3=0
LH2,150548094,2,0,2,5,49742
LH2,150548094,2,0,3,7,71876
LH2,150548094,2,0,4,8,70192
LH2,150548094,2,1,4,8,27829
LH2,150548094,2,0,5,11,10884
LH2,150548094,2,1,5,11,10884
LH2,150548094,2,0,6,13,58297
LH2,150548094,2,0,10,20,76296
LH2,150548094,2,1,10,20,39853
LH2,150548094,2,0,12,24,5661
LH2,150548094,2,0,13,26,23388
LH2,150548094,2,1,13,26,23390
LH2,150548094,2,0,14,28,13697
DBG,count0=0,count1=0,count2=0,count3=0
LH2,150649161,2,0,2,5,49742
LH2,150649161,2,0,3,7,71876
LH2,150649161,2,0,4,8,70203
LH2,150649161,2,1,4,8,27833
LH2,150649161,2,0,5,11,10884
LH2,150649161,2,1,5,11,10884
LH2,150649161,2,0,6,13,58297
LH2,150649161,2,0,10,21,76309
LH2,150649161,2,1,10,21,39837
LH2,150649161,2,0,12,24,5661
LH2,150649161,2,0,13,26,23388
LH2,150649161,2,1,13,26,23390
LH2,150649161,2,0,14,28,13697
DBG,count0=0,count1=0,count2=0,count3=0
LH2,150750294,2,0,2,5,49742
LH2,150750294,2,0,3,7,71876
LH2,150750294,2,0,4,8,70205
LH2,150750294,2,1,4,8,27843
LH2,150750294,2,0,5,11,10884
LH2,150750294,2,1,5,11,10884
LH2,150750294,2,0,6,13,58297
LH2,150750294,2,0,10,20,76308
LH2,150750294,2,1,10,20,37038
LH2,150750294,2,0,12,24,5661
LH2,150750294,2,0,13,26,23388
LH2,150750294,2,1,13,26,23390
LH2,150750294,2,0,14,28,13697
DBG,count0=0,count1=0,count2=0,count3=0
LH2,150851496,2,0,2,5,49742
LH2,150851496,2,0,3,7,71876
LH2,150851496,2,0,4,8,70191
LH2,150851496,2,1,4,8,27829
LH2,150851496,2,0,5,11,10884
LH2,150851496,2,1,5,11,10884
LH2,150851496,2,0,6,13,58297
LH2,150851496,2,0,10,20,76295
LH2,150851496,2,1,10,21,37040
LH2,150851496,2,0,12,24,5661
LH2,150851496,2,0,13,26,23388
LH2,150851496,2,1,13,26,23390
LH2,150851496,2,0,14,28,13697
