DBG,0,0,0,0
LH2,79569600,2,0,4,9,43433
LH2,79569600,2,1,4,9,76222
LH2,79569600,2,0,9,19,70725
LH2,79569600,2,0,10,21,37766
LH2,79569600,2,1,10,21,65198
DBG,0,0,0,0
LH2,79670323,2,0,4,9,43433
LH2,79670323,2,1,4,9,76224
LH2,79670323,2,0,9,19,70725
LH2,79670323,2,0,10,20,37768
LH2,79670323,2,1,10,21,65200
DBG,0,0,0,0
LH2,79771133,2,0,4,8,43432
LH2,79771133,2,1,4,8,76224
LH2,79771133,2,0,9,19,70725
LH2,79771133,2,0,10,21,37768
LH2,79771133,2,1,10,21,65200
DBG,0,0,0,0
LH2,79871669,2,0,4,9,43433
LH2,79871669,2,1,4,9,76225
LH2,79871669,2,0,9,19,70725
LH2,79871669,2,0,10,20,37768
LH2,79871669,2,1,10,20,65201
DBG,0,0,0,0
LH2,79972264,2,0,4,9,43432
LH2,79972264,2,1,4,9,76225
LH2,79972264,2,0,9,19,70725
LH2,79972264,2,0,10,20,37768
LH2,79972264,2,1,10,20,65200
DBG,0,0,0,0
LH2,80072842,2,0,4,9,43431
LH2,80072842,2,1,4,9,76223
LH2,80072842,2,0,9,19,70725
LH2,80072842,2,0,10,20,37769
LH2,80072842,2,1,10,21,65200
DBG,0,0,0,0
LH2,80173414,2,0,4,9,43431
LH2,80173414,2,1,4,9,76223
LH2,80173414,2,0,9,19,70725
LH2,80173414,2,0,10,20,37768
LH2,80173414,2,1,10,20,65200
DBG,0,0,0,0
LH2,80273889,2,0,4,8,43433
LH2,80273889,2,1,4,8,76224
LH2,80273889,2,0,9,19,70725
LH2,80273889,2,0,10,21,37767
LH2,80273889,2,1,10,21,65200
DBG,0,0,0,0
LH2,80374512,2,0,4,9,43431
LH2,80374512,2,1,4,9,76223
LH2,80374512,2,0,9,19,70725
LH2,80374512,2,0,10,21,37766
LH2,80374512,2,1,10,21,65198
DBG,0,0,0,0
LH2,80475279,2,0,4,8,43433
LH2,80475279,2,1,4,8,76222
LH2,80475279,2,0,9,19,70725
LH2,80475279,2,0,10,21,37766
LH2,80475279,2,1,10,21,65200
DBG,0,0,0,0
LH2,80575915,2,0,4,9,43432
LH2,80575915,2,1,4,8,76224
LH2,80575915,2,0,9,19,70725
LH2,80575915,2,0,10,21,37767
LH2,80575915,2,1,10,21,65200
DBG,0,0,0,0
LH2,80676488,2,0,4,8,43433
LH2,80676488,2,1,4,9,76223
LH2,80676488,2,0,9,19,70725
LH2,80676488,2,0,10,20,37768
LH2,80676488,2,1,10,20,65200
DBG,0,0,0,0
LH2,80777056,2,0,4,9,43432
LH2,80777056,2,1,4,9,76224
LH2,80777056,2,0,9,19,70725
LH2,80777056,2,0,10,21,37768
LH2,80777056,2,1,10,21,65200
DBG,0,0,0,0
LH2,80878302,2,0,4,9,43429
LH2,80878302,2,1,4,9,76221
LH2,80878302,2,0,9,19,70725
LH2,80878302,2,0,10,21,37768
LH2,80878302,2,1,10,20,65200
DBG,0,0,0,0
LH2,80979101,2,0,4,8,43431
LH2,80979101,2,1,4,8,76223
LH2,80979101,2,0,9,19,70725
LH2,80979101,2,0,10,21,37766
LH2,80979101,2,1,10,21,65199
DBG,0,0,0,0
LH2,81079665,2,0,4,8,43432
LH2,81079665,2,1,4,8,76223
LH2,81079665,2,0,9,19,70725
LH2,81079665,2,0,10,20,37768
LH2,81079665,2,1,10,20,65200
DBG,0,0,0,0
LH2,81180861,2,0,4,8,43431
LH2,81180861,2,1,4,8,76223
LH2,81180861,2,0,9,19,70725
LH2,81180861,2,0,10,20,37769
LH2,81180861,2,1,10,20,65199
DBG,0,0,0,0
LH2,81282086,2,0,4,8,43430
LH2,81282086,2,1,4,8,76222
LH2,81282086,2,0,9,19,70725
LH2,81282086,2,0,10,20,37768
LH2,81282086,2,1,10,20,65200
DBG,0,0,0,0
LH2,81382588,2,0,4,8,43433
LH2,81382588,2,1,4,8,76224
LH2,81382588,2,0,9,19,70725
LH2,81382588,2,0,10,20,37768
LH2,81382588,2,1,10,20,65200
DBG,0,0,0,0
LH2,81483800,2,0,4,8,43431
LH2,81483800,2,1,4,9,76224
LH2,81483800,2,0,9,19,70725
LH2,81483800,2,0,10,20,37769
LH2,81483800,2,1,10,20,65201
DBG,0,0,0,0
LH2,81585103,2,0,4,9,43433
LH2,81585103,2,1,4,9,76225
LH2,81585103,2,0,9,19,70725
LH2,81585103,2,0,10,20,37768
LH2,81585103,2,1,10,21,65198
DBG,0,0,0,0
LH2,81686340,2,0,4,9,43432
LH2,81686340,2,1,4,9,76225
LH2,81686340,2,0,9,19,70725
LH2,81686340,2,0,10,21,37766
LH2,81686340,2,1,10,21,65198
DBG,0,0,0,0
LH2,81787664,2,0,4,8,43433
LH2,81787664,2,1,4,8,76224
LH2,81787664,2,0,9,19,70725
LH2,81787664,2,0,10,21,37768
LH2,81787664,2,1,10,21,65198
DBG,0,0,0,0
LH2,81888281,2,0,4,9,43432
LH2,81888281,2,1,4,9,76224
LH2,81888281,2,0,9,19,70725
LH2,81888281,2,0,10,21,37767
LH2,81888281,2,1,10,21,65200
DBG,0,0,0,0
LH2,81988833,2,0,4,8,43430
LH2,81988833,2,1,4,8,76222
LH2,81988833,2,0,9,19,70725
LH2,81988833,2,0,10,21,37765
LH2,81988833,2,1,10,20,65200
DBG,0,0,0,0
LH2,82089353,2,0,4,8,43433
LH2,82089353,2,1,4,8,76224
LH2,82089353,2,0,9,19,70725
LH2,82089353,2,0,10,20,37768
LH2,82089353,2,1,10,20,65200
DBG,0,0,0,0
LH2,82190029,2,0,4,9,43430
LH2,82190029,2,1,4,9,76224
LH2,82190029,2,0,9,19,70725
LH2,82190029,2,0,10,21,37767
LH2,82190029,2,1,10,21,65200
